2.090960025787353516e+00
1.240904569625854492e+00
4.972987473011016846e-01
5.588685870170593262e-01
4.972340762615203857e-01
4.487270712852478027e-01
4.488770961761474609e-01
4.255043268203735352e-01
4.022051393985748291e-01
3.772972822189331055e-01
3.482489585876464844e-01
3.233901858329772949e-01
2.906300723552703857e-01
2.758573591709136963e-01
2.567822635173797607e-01
2.450311034917831421e-01
2.428641468286514282e-01
2.368219047784805298e-01
2.324121594429016113e-01
2.354242652654647827e-01
2.296892851591110229e-01
2.313420921564102173e-01
2.300582081079483032e-01
2.298709154129028320e-01
2.276155799627304077e-01
2.250682562589645386e-01
2.312083244323730469e-01
2.238467335700988770e-01
2.211443334817886353e-01
2.236591279506683350e-01
2.198893427848815918e-01
2.221696227788925171e-01
2.156373560428619385e-01
2.074958086013793945e-01
2.235711663961410522e-01
2.292427122592926025e-01
2.223085463047027588e-01
2.237750440835952759e-01
2.187587022781372070e-01
2.171295881271362305e-01
2.189594060182571411e-01
2.154449522495269775e-01
2.159866392612457275e-01
2.158499360084533691e-01
2.184011638164520264e-01
2.159964293241500854e-01
2.138962596654891968e-01
2.123802304267883301e-01
2.126293629407882690e-01
2.122698873281478882e-01
2.146114856004714966e-01
2.058547288179397583e-01
2.042414546012878418e-01
1.982351094484329224e-01
2.155039906501770020e-01
2.139417529106140137e-01
2.193798869848251343e-01
2.140297442674636841e-01
2.139175385236740112e-01
2.135656177997589111e-01
2.103106379508972168e-01
2.108015120029449463e-01
2.086717486381530762e-01
2.114643156528472900e-01
2.070536911487579346e-01
2.123815864324569702e-01
2.061160951852798462e-01
2.070680856704711914e-01
2.063070982694625854e-01
2.054075598716735840e-01
2.067344039678573608e-01
2.073785215616226196e-01
2.070337384939193726e-01
2.049717903137207031e-01
2.070674449205398560e-01
2.059838175773620605e-01
2.054033726453781128e-01
2.056319862604141235e-01
2.051923871040344238e-01
2.047473341226577759e-01
2.026527971029281616e-01
2.030733972787857056e-01
2.083684504032135010e-01
2.024270445108413696e-01
2.080538123846054077e-01
2.091397792100906372e-01
2.065858393907546997e-01
2.089439034461975098e-01
2.054120451211929321e-01
2.040650248527526855e-01
2.034184038639068604e-01
2.049155384302139282e-01
2.035503089427947998e-01
2.051224708557128906e-01
2.009077668190002441e-01
2.045838087797164917e-01
2.031574696302413940e-01
2.021964490413665771e-01
2.013783007860183716e-01
2.025366425514221191e-01
2.030474543571472168e-01
2.020523995161056519e-01
2.019675970077514648e-01
2.061583399772644043e-01
2.011565715074539185e-01
2.061649709939956665e-01
1.993777453899383545e-01
2.002954334020614624e-01
1.979076713323593140e-01
1.972116529941558838e-01
1.947057694196701050e-01
1.914017498493194580e-01
1.871709823608398438e-01
1.826574057340621948e-01
1.831580549478530884e-01
1.788475811481475830e-01
1.748797446489334106e-01
1.768096387386322021e-01
1.695158183574676514e-01
1.703646779060363770e-01
1.693627536296844482e-01
1.643979996442794800e-01
1.725266724824905396e-01
1.628930121660232544e-01
1.573380678892135620e-01
1.507690995931625366e-01
1.466618925333023071e-01
1.436820924282073975e-01
1.432915925979614258e-01
1.382878720760345459e-01
1.330821216106414795e-01
1.254876255989074707e-01
1.295274198055267334e-01
1.269477456808090210e-01
1.222564801573753357e-01
1.650054603815078735e-01
1.433891505002975464e-01
1.476464271545410156e-01
1.259213387966156006e-01
1.236612051725387573e-01
1.161848604679107666e-01
1.203005611896514893e-01
1.130314618349075317e-01
1.125956103205680847e-01
1.097491979598999023e-01
1.050719693303108215e-01
1.031482666730880737e-01
9.612354636192321777e-02
9.074191004037857056e-02
9.943651407957077026e-02
9.819683432579040527e-02
9.077095240354537964e-02
9.719625115394592285e-02
1.100936606526374817e-01
7.561235129833221436e-02
8.265944570302963257e-02
8.778656274080276489e-02
9.101165831089019775e-02
8.520515263080596924e-02
8.092929422855377197e-02
8.353827148675918579e-02
8.954749256372451782e-02
8.335164934396743774e-02
7.602311670780181885e-02
6.993509829044342041e-02
6.219692900776863098e-02
6.096965819597244263e-02
6.604949384927749634e-02
6.950104981660842896e-02
7.151141017675399780e-02
6.433431804180145264e-02
7.529464364051818848e-02
1.034246906638145447e-01
8.646780252456665039e-02
7.553160935640335083e-02
6.166090816259384155e-02
6.393211334943771362e-02
6.299345940351486206e-02
5.923203751444816589e-02
5.003745853900909424e-02
5.399120971560478210e-02
5.075015872716903687e-02
5.156069621443748474e-02
5.326296389102935791e-02
4.971585422754287720e-02
5.354307964444160461e-02
4.950540512800216675e-02
5.041116476058959961e-02
4.498761892318725586e-02
5.388125032186508179e-02
5.355942994356155396e-02
4.096561297774314880e-02
4.363109543919563293e-02
4.000168666243553162e-02
4.323611408472061157e-02
3.668161854147911072e-02
3.580679744482040405e-02
3.437769785523414612e-02
4.666664078831672668e-02
5.692531540989875793e-02
4.915157333016395569e-02
4.803240671753883362e-02
3.897050395607948303e-02
4.005413874983787537e-02
3.820018842816352844e-02
4.025174304842948914e-02
3.861078619956970215e-02
3.259312361478805542e-02
3.334141150116920471e-02
2.806312963366508484e-02
2.664751745760440826e-02
2.588661760091781616e-02
2.903983741998672485e-02
2.569113671779632568e-02
2.514138072729110718e-02
2.153623662889003754e-02
2.140092290937900543e-02
2.268690802156925201e-02
2.251918986439704895e-02
2.046394906938076019e-02
1.627369225025177002e-02
1.876309886574745178e-02
1.964442990720272064e-02
9.436210244894027710e-02
9.513974189758300781e-02
7.532848417758941650e-02
6.994989514350891113e-02
3.971560299396514893e-02
3.535489737987518311e-02
3.593299537897109985e-02
3.659065440297126770e-02
3.075154870748519897e-02
2.665396407246589661e-02
2.582755126059055328e-02
2.437938936054706573e-02
2.239425107836723328e-02
2.063048444688320160e-02
2.342211641371250153e-02
2.238683216273784637e-02
1.894009672105312347e-02
1.896461099386215210e-02
2.336933836340904236e-02
2.001959457993507385e-02
2.006067521870136261e-02
1.605386659502983093e-02
1.683876104652881622e-02
1.878115907311439514e-02
1.777248270809650421e-02
1.655760593712329865e-02
1.184028480201959610e-02
1.623963937163352966e-02
1.751003973186016083e-02
1.464621350169181824e-02
1.649029180407524109e-02
1.609395071864128113e-02
1.745987497270107269e-02
1.445510983467102051e-02
1.821262203156948090e-02
1.282881759107112885e-02
1.147924270480871201e-02
1.121787820011377335e-02
9.901362471282482147e-03
1.054304651916027069e-02
1.474769879132509232e-02
1.325400546193122864e-02
1.169110275804996490e-02
1.112136337906122208e-02
9.663666598498821259e-03
1.071051415055990219e-02
9.510761126875877380e-03
9.632823057472705841e-03
1.256460882723331451e-02
1.249263621866703033e-02
8.985850960016250610e-03
1.053738594055175781e-02
1.173853687942028046e-02
8.851212449371814728e-03
9.675389155745506287e-03
8.439510129392147064e-03
8.852051571011543274e-03
6.840991787612438202e-03
6.699556484818458557e-03
7.081759627908468246e-03
9.343844838440418243e-03
7.502384018152952194e-03
7.372636813670396805e-03
8.411458693444728851e-03
1.038847398012876511e-02
3.781738877296447754e-02
3.989315778017044067e-02
1.981792785227298737e-02
1.120088621973991394e-02
1.437507942318916321e-02
1.574719510972499847e-02
8.605793118476867676e-03
9.381677024066448212e-03
8.683739230036735535e-03
6.898837164044380188e-03
8.563990704715251923e-03
7.888150401413440704e-03
7.542179431766271591e-03
5.466955248266458511e-03
6.466533988714218140e-03
6.691551301628351212e-03
4.647982306778430939e-03
6.182706914842128754e-03
5.331620573997497559e-03
5.252052564173936844e-03
5.655385088175535202e-03
8.034463040530681610e-03
6.906605791300535202e-03
5.546673201024532318e-03
5.144349765032529831e-03
4.188118968158960342e-03
7.221296429634094238e-03
4.711247049272060394e-03
7.005417253822088242e-03
5.018128082156181335e-03
5.494569893926382065e-03
5.444205831736326218e-03
4.000572953373193741e-03
5.993898492306470871e-03
5.315475631505250931e-03
4.386788234114646912e-03
4.710041452199220657e-03
4.018593113869428635e-03
3.902408294379711151e-03
4.707316868007183075e-03
4.510087892413139343e-03
3.388159209862351418e-03
3.931352868676185608e-03
3.929597791284322739e-03
3.755725687369704247e-03
4.356628283858299255e-03
3.487823065370321274e-03
3.346285084262490273e-03
3.660370130091905594e-03
5.295367445796728134e-03
3.435436403378844261e-03
3.202012972906231880e-03
6.691679824143648148e-03
5.508921574801206589e-03
5.769740790128707886e-03
6.878466811031103134e-03
4.903426393866539001e-03
3.983525093644857407e-03
3.462746972218155861e-03
6.374412681907415390e-03
4.032971803098917007e-03
3.656685352325439453e-03
3.354314249008893967e-03
3.220974700525403023e-03
3.115594154223799706e-03
2.488524420186877251e-03
2.485479926690459251e-03
2.087798202410340309e-03
3.046165453270077705e-03
2.596188569441437721e-03
2.921753795817494392e-03
3.149957163259387016e-03
2.906896639615297318e-03
3.081254195421934128e-03
3.177764127030968666e-03
2.514898777008056641e-03
2.302778651937842369e-03
2.233167877420783043e-03
2.944078063592314720e-03
2.733560511842370033e-03
4.782869480550289154e-03
2.165851183235645294e-03
2.450412372127175331e-03
2.557233674451708794e-03
2.470256760716438293e-03
2.394210547208786011e-03
1.616843161173164845e-03
1.895454362966120243e-03
3.021629992872476578e-03
3.528720466420054436e-03
4.606188740581274033e-03
2.466921694576740265e-03
1.805918989703059196e-03
4.157369490712881088e-03
2.200960647314786911e-03
2.029774943366646767e-03
2.035761717706918716e-03
2.143712714314460754e-03
1.985658425837755203e-03
4.038224462419748306e-03
1.301933894865214825e-03
3.075159387663006783e-03
2.112112939357757568e-03
4.483631253242492676e-02
2.073422074317932129e-01
1.409095674753189087e-01
4.413856193423271179e-02
3.298132866621017456e-02
2.731845900416374207e-02
2.930540777742862701e-02
1.942007988691329956e-02
1.637052930891513824e-02
