8.158333333333332993e-01
9.133333333333333304e-01
9.150000000000000355e-01
9.133333333333333304e-01
9.150000000000000355e-01
9.133333333333333304e-01
9.141666666666666829e-01
9.124999999999999778e-01
9.150000000000000355e-01
9.133333333333333304e-01
9.141666666666666829e-01
9.108333333333333837e-01
9.150000000000000355e-01
9.116666666666666252e-01
9.150000000000000355e-01
9.158333333333333881e-01
9.141666666666666829e-01
9.141666666666666829e-01
9.124999999999999778e-01
9.116666666666666252e-01
9.233333333333333393e-01
9.166666666666666297e-01
9.124999999999999778e-01
9.133333333333333304e-01
9.174999999999999822e-01
9.191666666666666874e-01
9.183333333333333348e-01
9.150000000000000355e-01
9.258333333333332860e-01
9.166666666666666297e-01
9.100000000000000311e-01
9.141666666666666829e-01
9.191666666666666874e-01
9.266666666666666385e-01
9.158333333333333881e-01
9.141666666666666829e-01
9.150000000000000355e-01
9.174999999999999822e-01
9.166666666666666297e-01
9.183333333333333348e-01
9.200000000000000400e-01
9.183333333333333348e-01
9.183333333333333348e-01
9.200000000000000400e-01
9.183333333333333348e-01
9.174999999999999822e-01
9.183333333333333348e-01
9.166666666666666297e-01
9.174999999999999822e-01
9.200000000000000400e-01
9.158333333333333881e-01
9.316666666666666430e-01
9.241666666666666918e-01
9.233333333333333393e-01
9.116666666666666252e-01
9.166666666666666297e-01
9.150000000000000355e-01
9.208333333333332815e-01
9.124999999999999778e-01
9.174999999999999822e-01
9.183333333333333348e-01
9.174999999999999822e-01
9.166666666666666297e-01
9.158333333333333881e-01
9.250000000000000444e-01
9.141666666666666829e-01
9.166666666666666297e-01
9.174999999999999822e-01
9.208333333333332815e-01
9.216666666666666341e-01
9.166666666666666297e-01
9.150000000000000355e-01
9.224999999999999867e-01
9.183333333333333348e-01
9.166666666666666297e-01
9.158333333333333881e-01
9.150000000000000355e-01
9.191666666666666874e-01
9.183333333333333348e-01
9.174999999999999822e-01
9.183333333333333348e-01
9.216666666666666341e-01
9.166666666666666297e-01
9.166666666666666297e-01
9.200000000000000400e-01
9.166666666666666297e-01
9.200000000000000400e-01
9.166666666666666297e-01
9.150000000000000355e-01
9.166666666666666297e-01
9.233333333333333393e-01
9.183333333333333348e-01
9.166666666666666297e-01
9.166666666666666297e-01
9.241666666666666918e-01
9.174999999999999822e-01
9.183333333333333348e-01
9.216666666666666341e-01
9.200000000000000400e-01
9.191666666666666874e-01
9.200000000000000400e-01
9.208333333333332815e-01
9.216666666666666341e-01
9.166666666666666297e-01
9.250000000000000444e-01
9.133333333333333304e-01
9.224999999999999867e-01
9.250000000000000444e-01
9.241666666666666918e-01
9.308333333333332904e-01
9.241666666666666918e-01
9.233333333333333393e-01
9.283333333333333437e-01
9.358333333333332948e-01
9.233333333333333393e-01
9.350000000000000533e-01
9.491666666666667140e-01
9.283333333333333437e-01
9.408333333333332993e-01
9.300000000000000488e-01
9.324999999999999956e-01
9.491666666666667140e-01
9.316666666666666430e-01
9.350000000000000533e-01
9.449999999999999512e-01
9.466666666666666563e-01
9.366666666666666474e-01
9.383333333333333526e-01
9.425000000000000044e-01
9.483333333333333615e-01
9.458333333333333037e-01
9.575000000000000178e-01
9.541666666666667185e-01
9.558333333333333126e-01
9.625000000000000222e-01
9.341666666666667007e-01
9.425000000000000044e-01
9.283333333333333437e-01
9.558333333333333126e-01
9.599999999999999645e-01
9.575000000000000178e-01
9.583333333333333703e-01
9.666666666666666741e-01
9.633333333333333748e-01
9.566666666666666652e-01
9.641666666666666163e-01
9.766666666666666829e-01
9.825000000000000400e-01
9.749999999999999778e-01
9.608333333333333171e-01
9.725000000000000311e-01
9.741666666666666252e-01
9.666666666666666741e-01
9.433333333333333570e-01
9.716666666666666785e-01
9.791666666666666297e-01
9.699999999999999734e-01
9.649999999999999689e-01
9.758333333333333304e-01
9.733333333333333837e-01
9.799999999999999822e-01
9.733333333333333837e-01
9.683333333333333792e-01
9.816666666666666874e-01
9.741666666666666252e-01
9.825000000000000400e-01
9.841666666666666341e-01
9.775000000000000355e-01
9.766666666666666829e-01
9.766666666666666829e-01
9.808333333333333348e-01
9.708333333333333259e-01
9.641666666666666163e-01
9.658333333333333215e-01
9.725000000000000311e-01
9.858333333333333393e-01
9.775000000000000355e-01
9.825000000000000400e-01
9.899999999999999911e-01
9.875000000000000444e-01
9.841666666666666341e-01
9.841666666666666341e-01
9.841666666666666341e-01
9.749999999999999778e-01
9.858333333333333393e-01
9.799999999999999822e-01
9.808333333333333348e-01
9.783333333333333881e-01
9.908333333333333437e-01
9.791666666666666297e-01
9.791666666666666297e-01
9.941666666666666430e-01
9.875000000000000444e-01
9.899999999999999911e-01
9.899999999999999911e-01
9.941666666666666430e-01
9.891666666666666385e-01
9.916666666666666963e-01
9.849999999999999867e-01
9.825000000000000400e-01
9.816666666666666874e-01
9.833333333333332815e-01
9.858333333333333393e-01
9.925000000000000488e-01
9.899999999999999911e-01
9.916666666666666963e-01
9.858333333333333393e-01
9.949999999999999956e-01
9.925000000000000488e-01
9.941666666666666430e-01
9.933333333333332904e-01
9.941666666666666430e-01
9.966666666666667007e-01
9.916666666666666963e-01
9.941666666666666430e-01
9.958333333333333481e-01
9.958333333333333481e-01
9.975000000000000533e-01
9.941666666666666430e-01
9.941666666666666430e-01
9.975000000000000533e-01
9.975000000000000533e-01
9.925000000000000488e-01
9.599999999999999645e-01
9.649999999999999689e-01
9.749999999999999778e-01
9.666666666666666741e-01
9.916666666666666963e-01
9.899999999999999911e-01
9.916666666666666963e-01
9.891666666666666385e-01
9.925000000000000488e-01
9.941666666666666430e-01
9.941666666666666430e-01
9.949999999999999956e-01
9.941666666666666430e-01
9.958333333333333481e-01
9.949999999999999956e-01
9.966666666666667007e-01
9.966666666666667007e-01
9.966666666666667007e-01
9.933333333333332904e-01
9.975000000000000533e-01
9.958333333333333481e-01
9.958333333333333481e-01
9.958333333333333481e-01
9.958333333333333481e-01
9.975000000000000533e-01
9.975000000000000533e-01
9.991666666666666474e-01
9.975000000000000533e-01
9.941666666666666430e-01
9.966666666666667007e-01
9.991666666666666474e-01
9.983333333333332948e-01
9.958333333333333481e-01
9.966666666666667007e-01
9.949999999999999956e-01
9.975000000000000533e-01
9.991666666666666474e-01
9.983333333333332948e-01
9.983333333333332948e-01
9.991666666666666474e-01
9.966666666666667007e-01
9.983333333333332948e-01
9.975000000000000533e-01
9.975000000000000533e-01
9.975000000000000533e-01
9.983333333333332948e-01
9.991666666666666474e-01
9.991666666666666474e-01
9.991666666666666474e-01
9.966666666666667007e-01
9.975000000000000533e-01
9.991666666666666474e-01
9.966666666666667007e-01
9.983333333333332948e-01
9.991666666666666474e-01
9.983333333333332948e-01
9.991666666666666474e-01
9.991666666666666474e-01
9.991666666666666474e-01
9.991666666666666474e-01
9.983333333333332948e-01
1.000000000000000000e+00
9.983333333333332948e-01
9.991666666666666474e-01
9.975000000000000533e-01
9.875000000000000444e-01
9.891666666666666385e-01
9.949999999999999956e-01
9.966666666666667007e-01
9.958333333333333481e-01
9.949999999999999956e-01
9.991666666666666474e-01
9.983333333333332948e-01
9.975000000000000533e-01
9.991666666666666474e-01
9.975000000000000533e-01
9.975000000000000533e-01
9.991666666666666474e-01
9.991666666666666474e-01
9.983333333333332948e-01
9.991666666666666474e-01
1.000000000000000000e+00
9.991666666666666474e-01
9.991666666666666474e-01
9.991666666666666474e-01
9.983333333333332948e-01
9.991666666666666474e-01
9.983333333333332948e-01
9.991666666666666474e-01
9.991666666666666474e-01
9.991666666666666474e-01
9.966666666666667007e-01
1.000000000000000000e+00
9.991666666666666474e-01
9.991666666666666474e-01
9.991666666666666474e-01
9.991666666666666474e-01
9.991666666666666474e-01
9.991666666666666474e-01
9.991666666666666474e-01
1.000000000000000000e+00
9.991666666666666474e-01
1.000000000000000000e+00
9.991666666666666474e-01
1.000000000000000000e+00
9.991666666666666474e-01
1.000000000000000000e+00
1.000000000000000000e+00
9.991666666666666474e-01
9.991666666666666474e-01
9.991666666666666474e-01
1.000000000000000000e+00
1.000000000000000000e+00
1.000000000000000000e+00
9.991666666666666474e-01
1.000000000000000000e+00
1.000000000000000000e+00
9.991666666666666474e-01
9.991666666666666474e-01
9.983333333333332948e-01
9.991666666666666474e-01
9.991666666666666474e-01
9.991666666666666474e-01
9.991666666666666474e-01
9.991666666666666474e-01
9.991666666666666474e-01
1.000000000000000000e+00
9.991666666666666474e-01
9.991666666666666474e-01
9.991666666666666474e-01
1.000000000000000000e+00
1.000000000000000000e+00
1.000000000000000000e+00
9.991666666666666474e-01
9.991666666666666474e-01
9.991666666666666474e-01
1.000000000000000000e+00
9.991666666666666474e-01
1.000000000000000000e+00
1.000000000000000000e+00
1.000000000000000000e+00
1.000000000000000000e+00
1.000000000000000000e+00
9.991666666666666474e-01
1.000000000000000000e+00
9.991666666666666474e-01
1.000000000000000000e+00
1.000000000000000000e+00
1.000000000000000000e+00
1.000000000000000000e+00
1.000000000000000000e+00
1.000000000000000000e+00
1.000000000000000000e+00
1.000000000000000000e+00
1.000000000000000000e+00
9.991666666666666474e-01
1.000000000000000000e+00
1.000000000000000000e+00
9.991666666666666474e-01
1.000000000000000000e+00
1.000000000000000000e+00
1.000000000000000000e+00
1.000000000000000000e+00
1.000000000000000000e+00
9.991666666666666474e-01
1.000000000000000000e+00
9.991666666666666474e-01
1.000000000000000000e+00
9.899999999999999911e-01
9.525000000000000133e-01
9.516666666666666607e-01
9.749999999999999778e-01
9.833333333333332815e-01
9.916666666666666963e-01
9.883333333333332860e-01
9.958333333333333481e-01
9.983333333333332948e-01
