2.230567932128906250e+00
1.737924933433532715e+00
7.890510559082031250e-01
8.351696729660034180e-01
7.364854216575622559e-01
7.237253189086914062e-01
6.911797523498535156e-01
6.638447046279907227e-01
6.332019567489624023e-01
5.989354848861694336e-01
5.527517795562744141e-01
5.217977762222290039e-01
4.831497967243194580e-01
4.483602344989776611e-01
4.221591651439666748e-01
4.029829502105712891e-01
3.942093253135681152e-01
3.913629949092864990e-01
3.769150078296661377e-01
3.716802597045898438e-01
3.670794665813446045e-01
3.561391532421112061e-01
3.342943787574768066e-01
3.459877073764801025e-01
3.171370029449462891e-01
3.345770239830017090e-01
3.235309422016143799e-01
3.147446811199188232e-01
3.021210730075836182e-01
3.032723069190979004e-01
2.727870345115661621e-01
2.673693299293518066e-01
2.688553631305694580e-01
2.415244579315185547e-01
2.323287725448608398e-01
2.191452682018280029e-01
2.045672386884689331e-01
2.109755426645278931e-01
2.230142802000045776e-01
2.088333368301391602e-01
1.997862458229064941e-01
1.882119327783584595e-01
1.818423569202423096e-01
1.762475371360778809e-01
1.492703855037689209e-01
1.423878669738769531e-01
1.442262232303619385e-01
1.406823694705963135e-01
1.493283361196517944e-01
1.419702023267745972e-01
1.319207996129989624e-01
1.347871571779251099e-01
1.191752925515174866e-01
1.072024554014205933e-01
1.028089001774787903e-01
1.006239876151084900e-01
8.281231671571731567e-02
9.138362854719161987e-02
7.968128472566604614e-02
7.659203559160232544e-02
6.960144639015197754e-02
7.576166093349456787e-02
6.928398460149765015e-02
6.366461515426635742e-02
6.491949409246444702e-02
5.982120335102081299e-02
5.556739121675491333e-02
4.502739384770393372e-02
4.046555981040000916e-02
4.096161201596260071e-02
3.692370280623435974e-02
4.819314181804656982e-02
3.160701319575309753e-02
2.920884452760219574e-02
2.582950890064239502e-02
2.406325004994869232e-02
2.972281910479068756e-02
2.335718646645545959e-02
2.151145972311496735e-02
1.900808140635490417e-02
1.709030196070671082e-02
1.578871160745620728e-02
1.417760271579027176e-02
2.023684419691562653e-02
1.738925650715827942e-02
1.500677410513162613e-02
1.659097895026206970e-02
1.301160547882318497e-02
1.233587786555290222e-02
1.432993449270725250e-02
1.281959284096956253e-02
1.134786754846572876e-02
1.076575461775064468e-02
1.210869383066892624e-02
9.438787586987018585e-03
1.180428545922040939e-02
1.030678953975439072e-02
9.176032617688179016e-03
7.466271053999662399e-03
9.532748721539974213e-03
7.746015209704637527e-03
7.320377510040998459e-03
6.643148604780435562e-03
6.980148609727621078e-03
9.317819960415363312e-03
7.949859835207462311e-03
6.404644344002008438e-03
6.607732735574245453e-03
7.129114121198654175e-03
5.467368755489587784e-03
7.685119286179542542e-03
6.549986544996500015e-03
5.657943431288003922e-03
5.843883380293846130e-03
5.016273818910121918e-03
5.342944525182247162e-03
5.584508646279573441e-03
5.067024379968643188e-03
4.693176597356796265e-03
5.623528733849525452e-03
4.368899390101432800e-03
4.427389707416296005e-03
4.363658837974071503e-03
3.833143273368477821e-03
4.790780134499073029e-03
4.622245673090219498e-03
3.775185206905007362e-03
4.922294057905673981e-03
4.240580834448337555e-03
4.342589993029832840e-03
3.874170826748013496e-03
3.539046971127390862e-03
3.242001635953783989e-03
3.045332850888371468e-03
3.600609954446554184e-03
3.650679253041744232e-03
2.875856356695294380e-03
2.622218569740653038e-03
3.404098562896251678e-03
2.602062653750181198e-03
2.798085799440741539e-03
3.011724911630153656e-03
2.548898570239543915e-03
2.827330026775598526e-03
2.814617473632097244e-03
3.338883165270090103e-03
3.161622909829020500e-03
2.642594510689377785e-03
2.048260066658258438e-03
2.783678704872727394e-03
2.047426998615264893e-03
2.540143672376871109e-03
2.299426356330513954e-03
2.170871710404753685e-03
2.300981897860765457e-03
2.362072700634598732e-03
1.994929974898695946e-03
2.056503202766180038e-03
1.743698492646217346e-03
1.580950571224093437e-03
1.821103040128946304e-03
1.845824415795505047e-03
2.109949011355638504e-03
1.793701318092644215e-03
2.154677174985408783e-03
1.444867346435785294e-03
2.046243054792284966e-03
1.466170419007539749e-03
1.940837944857776165e-03
1.753376214765012264e-03
1.915549160912632942e-03
1.828389475122094154e-03
1.421788474544882774e-03
1.689358148723840714e-03
1.413828693330287933e-03
1.720607629977166653e-03
1.581453252583742142e-03
1.552903326228260994e-03
1.275194692425429821e-03
1.619573682546615601e-03
1.416534651070833206e-03
1.354344189167022705e-03
1.343306154012680054e-03
1.394356018863618374e-03
1.279716845601797104e-03
1.112496480345726013e-03
1.512708025984466076e-03
1.262852805666625500e-03
1.425303751602768898e-03
1.386412186548113823e-03
1.320977229624986649e-03
1.369842793792486191e-03
1.358885783702135086e-03
1.292882021516561508e-03
1.268821069970726967e-03
9.240634390152990818e-04
9.470616350881755352e-04
1.028939965181052685e-03
1.101104891858994961e-03
9.896765695884823799e-04
1.100273802876472473e-03
8.925989968702197075e-04
1.098384149372577667e-03
1.135994680225849152e-03
1.066012773662805557e-03
9.021398145705461502e-04
1.146685681305825710e-03
1.096764346584677696e-03
8.738824399188160896e-04
8.529809419997036457e-04
9.699263027869164944e-04
8.000332745723426342e-04
8.000768721103668213e-04
8.457783260382711887e-04
8.413137984462082386e-04
8.416189230047166348e-04
8.559315465390682220e-04
1.077250111848115921e-03
8.353298180736601353e-04
9.007947519421577454e-04
8.347139810211956501e-04
8.068213937804102898e-04
6.872579106129705906e-04
8.342041401192545891e-04
8.042570552788674831e-04
8.520698756910860538e-04
8.125468739308416843e-04
9.253208991140127182e-04
9.250197908841073513e-04
7.339644362218677998e-04
7.358319708146154881e-04
9.034657268784940243e-04
8.250965620391070843e-04
6.527063087560236454e-04
7.334579713642597198e-04
7.216375088319182396e-04
8.190131047740578651e-04
7.375185959972441196e-04
7.510805153287947178e-04
7.433659629896283150e-04
7.345635676756501198e-04
6.706646527163684368e-04
7.494701421819627285e-04
7.332290988415479660e-04
6.317056831903755665e-04
6.774643552489578724e-04
5.716208252124488354e-04
6.695066113024950027e-04
6.540356553159654140e-04
5.848190048709511757e-04
6.240456714294850826e-04
6.638499908149242401e-04
5.771541618742048740e-04
6.334311910904943943e-04
7.074784953147172928e-04
6.424883613362908363e-04
5.899763200432062149e-04
6.854070816189050674e-04
5.560830468311905861e-04
5.879810778424143791e-04
6.780995754525065422e-04
5.507922032848000526e-04
5.447285366244614124e-04
5.869736196473240852e-04
5.178853170946240425e-04
6.165524828247725964e-04
4.412099369801580906e-04
4.781532334163784981e-04
4.929130664095282555e-04
6.181229837238788605e-04
4.753235552925616503e-04
5.021170363761484623e-04
5.511954659596085548e-04
4.932975862175226212e-04
5.304646329022943974e-04
4.420471086632460356e-04
5.263621569611132145e-04
5.395419429987668991e-04
5.150607903487980366e-04
4.445641243364661932e-04
5.301128257997334003e-04
5.189561634324491024e-04
5.127522163093090057e-04
5.463065463118255138e-04
4.219365073367953300e-04
4.594509955495595932e-04
3.782463027164340019e-04
3.805102605838328600e-04
4.370961978565901518e-04
5.038860836066305637e-04
4.583631234709173441e-04
4.661924613174051046e-04
4.563467809930443764e-04
4.324119363445788622e-04
4.997781361453235149e-04
4.411615664139389992e-04
4.087260749656707048e-04
4.073061281815171242e-04
4.942539962939918041e-04
4.048650735057890415e-04
3.576230956241488457e-04
4.984565894119441509e-04
4.115854098927229643e-04
4.361309402156621218e-04
4.073258896823972464e-04
4.499953065533190966e-04
5.003469414077699184e-04
4.515511682257056236e-04
4.102550155948847532e-04
4.556860367301851511e-04
3.726434661075472832e-04
3.564119397196918726e-04
3.465012123342603445e-04
4.324041074141860008e-04
4.446724487934261560e-04
4.649550537578761578e-04
3.417164843995124102e-04
3.635174944065511227e-04
3.400972927920520306e-04
3.168821276631206274e-04
3.467634669505059719e-04
3.630140854511409998e-04
3.119093889836221933e-04
3.671114682219922543e-04
3.319270326755940914e-04
3.676380438264459372e-04
3.696911735460162163e-04
4.040942876599729061e-04
3.846039180643856525e-04
3.714248014148324728e-04
3.016042755916714668e-04
3.785296867135912180e-04
3.151369164697825909e-04
3.250312875024974346e-04
3.227935521863400936e-04
3.509712114464491606e-04
3.217322519049048424e-04
4.111364833079278469e-04
3.358364047016948462e-04
2.867507864721119404e-04
2.710056432988494635e-04
2.874251804314553738e-04
2.975293609779328108e-04
3.342526324559003115e-04
3.026812337338924408e-04
3.407457843422889709e-04
2.667004591785371304e-04
2.776656765490770340e-04
3.323813725728541613e-04
3.353241481818258762e-04
2.540057175792753696e-04
3.410250938031822443e-04
3.170789859723299742e-04
2.937998215202242136e-04
3.218303318135440350e-04
2.953617949970066547e-04
2.894851204473525286e-04
2.995457034558057785e-04
2.751016581896692514e-04
3.128991811536252499e-04
3.008215862791985273e-04
2.501412818673998117e-04
2.786656841635704041e-04
3.056887362617999315e-04
2.823461836669594049e-04
2.825709816534072161e-04
2.725587692111730576e-04
2.754361194092780352e-04
2.990416251122951508e-04
2.911826595664024353e-04
2.869878371711820364e-04
2.722031786106526852e-04
2.552965597715228796e-04
2.497775130905210972e-04
2.367946144659072161e-04
2.704286598600447178e-04
3.220742219127714634e-04
2.835968625731766224e-04
2.876240760087966919e-04
2.721459604799747467e-04
2.684347855392843485e-04
2.273607242386788130e-04
2.509764162823557854e-04
2.481405972503125668e-04
2.472305204719305038e-04
2.407189749646931887e-04
2.298266481375321746e-04
2.061285340460017323e-04
2.615308621898293495e-04
2.035597426583990455e-04
2.056278462987393141e-04
2.483640273567289114e-04
2.407475840300321579e-04
2.213532570749521255e-04
2.633912081364542246e-04
2.388095890637487173e-04
2.191659441450610757e-04
2.512366336304694414e-04
2.488456375431269407e-04
2.434417110634967685e-04
