2.241385221481323242e+00
1.847396612167358398e+00
1.003941416740417480e+00
7.742076516151428223e-01
8.093709945678710938e-01
7.493711709976196289e-01
7.095617055892944336e-01
6.972940564155578613e-01
6.824600696563720703e-01
6.525977849960327148e-01
6.256943941116333008e-01
6.040840148925781250e-01
5.741636753082275391e-01
5.414186120033264160e-01
5.140701532363891602e-01
4.863849878311157227e-01
4.693477451801300049e-01
4.524941146373748779e-01
4.356968402862548828e-01
4.269786775112152100e-01
4.179267585277557373e-01
4.093292653560638428e-01
4.026515483856201172e-01
3.992394208908081055e-01
3.933724462985992432e-01
3.897572457790374756e-01
3.890098929405212402e-01
3.824022710323333740e-01
3.743844628334045410e-01
3.775182366371154785e-01
3.663850128650665283e-01
3.841482400894165039e-01
3.553933799266815186e-01
3.454219102859497070e-01
3.406960964202880859e-01
3.409150242805480957e-01
3.337243795394897461e-01
3.292292952537536621e-01
3.325069546699523926e-01
3.299453854560852051e-01
3.285905122756958008e-01
3.282603323459625244e-01
3.223342299461364746e-01
3.216638565063476562e-01
3.211998343467712402e-01
3.134089112281799316e-01
3.152307868003845215e-01
3.126172125339508057e-01
3.107057511806488037e-01
3.065362572669982910e-01
3.070312142372131348e-01
3.019307851791381836e-01
2.975119948387145996e-01
2.945486903190612793e-01
2.916837334632873535e-01
2.918786406517028809e-01
2.833172082901000977e-01
2.809435427188873291e-01
2.722452282905578613e-01
2.704338431358337402e-01
2.643676400184631348e-01
2.706616520881652832e-01
2.636747360229492188e-01
2.638269662857055664e-01
2.585659027099609375e-01
2.595749795436859131e-01
2.396050542593002319e-01
2.414930760860443115e-01
2.367484122514724731e-01
2.462788820266723633e-01
2.235978096723556519e-01
2.235433459281921387e-01
2.211187332868576050e-01
2.130757570266723633e-01
2.034135013818740845e-01
2.053515464067459106e-01
1.964350938796997070e-01
1.973194926977157593e-01
1.936373412609100342e-01
1.934140473604202271e-01
1.850870400667190552e-01
1.877295970916748047e-01
1.827437877655029297e-01
1.816673725843429565e-01
1.686030477285385132e-01
1.630949825048446655e-01
1.638880819082260132e-01
1.553974896669387817e-01
1.589827686548233032e-01
1.577688753604888916e-01
1.431193798780441284e-01
1.424214243888854980e-01
1.508011370897293091e-01
1.236985921859741211e-01
1.339657008647918701e-01
1.210807114839553833e-01
1.293883919715881348e-01
1.249685809016227722e-01
1.590850651264190674e-01
1.765740811824798584e-01
1.781745404005050659e-01
1.583632975816726685e-01
1.423311531543731689e-01
1.271605491638183594e-01
1.214057952165603638e-01
1.138340458273887634e-01
1.085644885897636414e-01
1.119922399520874023e-01
1.094267293810844421e-01
1.017600372433662415e-01
1.097787767648696899e-01
9.856478869915008545e-02
9.061645716428756714e-02
7.882113009691238403e-02
8.983388543128967285e-02
8.702024072408676147e-02
9.565104544162750244e-02
8.640684932470321655e-02
7.782699912786483765e-02
8.732254803180694580e-02
8.381033688783645630e-02
9.074125438928604126e-02
7.655795663595199585e-02
8.786338567733764648e-02
7.829210907220840454e-02
7.156027108430862427e-02
6.911557912826538086e-02
7.725594937801361084e-02
7.151188701391220093e-02
8.539484441280364990e-02
8.734486252069473267e-02
7.629723101854324341e-02
7.006120681762695312e-02
6.821732968091964722e-02
6.258028000593185425e-02
6.508949398994445801e-02
6.256544589996337891e-02
6.190806254744529724e-02
6.388754397630691528e-02
5.073387175798416138e-02
5.390695855021476746e-02
6.301528960466384888e-02
5.796087160706520081e-02
4.753141105175018311e-02
5.048172548413276672e-02
4.868154972791671753e-02
5.274728685617446899e-02
5.357848107814788818e-02
4.545748233795166016e-02
4.440258443355560303e-02
4.794151335954666138e-02
5.090372264385223389e-02
8.531250804662704468e-02
5.923097953200340271e-02
6.174660846590995789e-02
5.573085695505142212e-02
6.400393694639205933e-02
5.784285441040992737e-02
5.160434544086456299e-02
5.044109746813774109e-02
4.689144715666770935e-02
4.264767467975616455e-02
4.736311733722686768e-02
4.211417585611343384e-02
4.585758596658706665e-02
3.831198811531066895e-02
4.415290430188179016e-02
4.092532396316528320e-02
4.233390092849731445e-02
3.841260448098182678e-02
3.950097039341926575e-02
3.802347555756568909e-02
3.773823752999305725e-02
3.197619691491127014e-02
2.402587421238422394e-02
4.242215305566787720e-02
3.215158358216285706e-02
3.620707988739013672e-02
3.394611179828643799e-02
3.309740498661994934e-02
3.916044905781745911e-02
3.298590332269668579e-02
3.630881384015083313e-02
3.728665038943290710e-02
3.879972547292709351e-02
3.372646495699882507e-02
2.671065554022789001e-02
3.568506985902786255e-02
2.666685916483402252e-02
3.339899703860282898e-02
3.418914973735809326e-02
3.498541563749313354e-02
3.425281867384910583e-02
3.617943450808525085e-02
3.078649751842021942e-02
2.967151999473571777e-02
2.986370585858821869e-02
3.219705075025558472e-02
2.536608278751373291e-02
3.076775930821895599e-02
3.667332231998443604e-02
2.434157766401767731e-02
1.797307282686233521e-02
2.508390136063098907e-02
2.602734789252281189e-02
2.288315817713737488e-02
2.871330454945564270e-02
2.775979414582252502e-02
2.139686793088912964e-02
2.623665705323219299e-02
2.778932824730873108e-02
1.873857341706752777e-02
2.492792159318923950e-02
2.176919579505920410e-02
1.844324916601181030e-02
2.826951630413532257e-02
2.607725933194160461e-02
3.164105489850044250e-02
2.222096361219882965e-02
2.313367836177349091e-02
2.344211004674434662e-02
2.707588672637939453e-02
2.316982485353946686e-02
2.713456377387046814e-02
2.372808754444122314e-02
6.180761754512786865e-02
8.257883042097091675e-02
6.298787146806716919e-02
3.724823519587516785e-02
4.096969217061996460e-02
2.531559020280838013e-02
2.574690617620944977e-02
2.812784165143966675e-02
2.477856166660785675e-02
2.106892131268978119e-02
2.403989247977733612e-02
2.803021483123302460e-02
2.432640641927719116e-02
1.854157634079456329e-02
2.391132898628711700e-02
2.425632439553737640e-02
2.739963866770267487e-02
2.227490209043025970e-02
2.374576590955257416e-02
2.006544917821884155e-02
2.502048946917057037e-02
1.581166684627532959e-02
1.844825409352779388e-02
2.541754767298698425e-02
2.401952445507049561e-02
1.773966662585735321e-02
2.566102705895900726e-02
1.672371663153171539e-02
2.284422144293785095e-02
1.921700127422809601e-02
1.717682182788848877e-02
2.009784244000911713e-02
1.926243118941783905e-02
1.297797635197639465e-02
2.502019330859184265e-02
1.624033786356449127e-02
1.334008108824491501e-02
1.515385322272777557e-02
2.701243199408054352e-02
1.961317285895347595e-02
1.665259711444377899e-02
1.545409299433231354e-02
1.437531039118766785e-02
1.680114120244979858e-02
1.714356243610382080e-02
1.343242079019546509e-02
1.604398526251316071e-02
1.501019112765789032e-02
1.926660351455211639e-02
1.602961868047714233e-02
1.371104829013347626e-02
1.922168955206871033e-02
1.494844537228345871e-02
1.881914213299751282e-02
1.677767559885978699e-02
1.442446839064359665e-02
1.231042761355638504e-02
1.908949948847293854e-02
1.632964797317981720e-02
1.230145897716283798e-02
1.182928401976823807e-02
1.572921685874462128e-02
1.179798692464828491e-02
1.001725438982248306e-02
1.619077101349830627e-02
1.454644370824098587e-02
1.138666365295648575e-02
1.547261886298656464e-02
1.056204363703727722e-02
1.105440873652696609e-02
1.525080017745494843e-02
1.449502445757389069e-02
1.355353184044361115e-02
1.852903142571449280e-02
2.045075781643390656e-02
1.417455356568098068e-02
1.957814581692218781e-02
1.212276425212621689e-02
1.449469383805990219e-02
1.250033266842365265e-02
1.255173515528440475e-02
2.089375816285610199e-02
1.210753712803125381e-02
1.522441022098064423e-02
1.465503312647342682e-02
8.889462798833847046e-03
6.963653024286031723e-03
1.169163547456264496e-02
1.033867523074150085e-02
8.724780753254890442e-03
9.488158859312534332e-03
1.651367172598838806e-02
1.445542182773351669e-02
1.120887044817209244e-02
1.358359213918447495e-02
1.402875781059265137e-02
1.846927031874656677e-02
1.029751822352409363e-02
1.436058897525072098e-02
1.338587608188390732e-02
9.734006598591804504e-03
1.115687005221843719e-02
1.115827262401580811e-02
1.338622253388166428e-02
9.644288569688796997e-03
1.249571703374385834e-02
7.006639149039983749e-03
9.944914840161800385e-03
7.742844521999359131e-03
1.205632369965314865e-02
8.506529033184051514e-03
1.401201821863651276e-02
1.281101815402507782e-02
1.320212520658969879e-02
6.925223860889673233e-03
9.593384340405464172e-03
9.790214709937572479e-03
7.042423821985721588e-03
8.770548738539218903e-03
7.713426835834980011e-03
8.266035467386245728e-03
6.469939835369586945e-03
7.947530597448348999e-03
8.676935918629169464e-03
5.908498540520668030e-03
9.437919594347476959e-03
1.231000199913978577e-02
6.946149747818708420e-03
1.194643042981624603e-02
1.051484234631061554e-02
6.121524609625339508e-03
6.591223180294036865e-03
1.123242452740669250e-02
1.440603099763393402e-02
1.586340181529521942e-02
1.248744968324899673e-02
1.622831076383590698e-02
1.147931534796953201e-02
1.863913610577583313e-02
2.453280054032802582e-02
8.763572201132774353e-03
1.340252999216318130e-02
8.614690601825714111e-02
3.248806670308113098e-02
3.837861493229866028e-02
2.806099504232406616e-02
2.183973789215087891e-02
2.544658444821834564e-02
2.044736593961715698e-02
1.492445264011621475e-02
1.555467024445533752e-02
1.100225280970335007e-02
1.260357722640037537e-02
1.245335210114717484e-02
9.386782534420490265e-03
9.269334375858306885e-03
9.807666763663291931e-03
1.147698517888784409e-02
6.503902375698089600e-03
7.392632775008678436e-03
7.658962626010179520e-03
6.962677929550409317e-03
7.747671101242303848e-03
8.505727164447307587e-03
7.566999178379774094e-03
6.731681991368532181e-03
8.357084356248378754e-03
7.797387894243001938e-03
6.528370548039674759e-03
8.322631008923053741e-03
6.523491814732551575e-03
9.325930848717689514e-03
7.734649349004030228e-03
7.530958857387304306e-03
3.976620268076658249e-03
