2.023090124130249023e+00
1.407493352890014648e+00
5.317993164062500000e-01
5.259543061256408691e-01
5.370633006095886230e-01
5.075516104698181152e-01
4.679171144962310791e-01
4.551318883895874023e-01
4.485791921615600586e-01
4.356189072132110596e-01
4.197605550289154053e-01
4.088222980499267578e-01
3.916348814964294434e-01
3.792548477649688721e-01
3.601711392402648926e-01
3.447859883308410645e-01
3.313607275485992432e-01
3.161435127258300781e-01
3.030905425548553467e-01
2.920475900173187256e-01
2.823343276977539062e-01
2.761930525302886963e-01
2.656743526458740234e-01
2.611950039863586426e-01
2.540531456470489502e-01
2.476471960544586182e-01
2.491515129804611206e-01
2.417669743299484253e-01
2.388455271720886230e-01
2.364085614681243896e-01
2.328902631998062134e-01
2.327204644680023193e-01
2.286551147699356079e-01
2.255044877529144287e-01
2.282807379961013794e-01
2.278888374567031860e-01
2.254638373851776123e-01
2.245032042264938354e-01
2.237978577613830566e-01
2.213438600301742554e-01
2.193742096424102783e-01
2.190261781215667725e-01
2.192735224962234497e-01
2.182228565216064453e-01
2.165347337722778320e-01
2.174779474735260010e-01
2.152104675769805908e-01
2.135264277458190918e-01
2.140714228153228760e-01
2.149710655212402344e-01
2.132481783628463745e-01
2.112106978893280029e-01
2.136661559343338013e-01
2.132343798875808716e-01
2.108480334281921387e-01
2.115967720746994019e-01
2.115465104579925537e-01
2.107656896114349365e-01
2.119312286376953125e-01
2.097071558237075806e-01
2.097748667001724243e-01
2.095775455236434937e-01
2.081012278795242310e-01
2.097361832857131958e-01
2.068469524383544922e-01
2.093891054391860962e-01
2.063777744770050049e-01
2.082346528768539429e-01
2.079321742057800293e-01
2.077140659093856812e-01
2.078765630722045898e-01
2.079738974571228027e-01
2.077545821666717529e-01
2.065714895725250244e-01
2.072982043027877808e-01
2.064427882432937622e-01
2.062224149703979492e-01
2.066402882337570190e-01
2.054545283317565918e-01
2.055221349000930786e-01
2.048745900392532349e-01
2.060107886791229248e-01
2.046115547418594360e-01
2.054763734340667725e-01
2.052257210016250610e-01
2.051553130149841309e-01
2.049196064472198486e-01
2.062439024448394775e-01
2.052788734436035156e-01
2.050353586673736572e-01
2.052600979804992676e-01
2.048556953668594360e-01
2.045407295227050781e-01
2.041114717721939087e-01
2.036621868610382080e-01
2.042822092771530151e-01
2.036305963993072510e-01
2.036111503839492798e-01
2.035324573516845703e-01
2.037141323089599609e-01
2.034231722354888916e-01
2.040022611618041992e-01
2.043191045522689819e-01
2.038770914077758789e-01
2.029090672731399536e-01
2.045985013246536255e-01
2.033691704273223877e-01
2.043998837471008301e-01
2.042793631553649902e-01
2.030706703662872314e-01
2.027139514684677124e-01
2.026685029268264771e-01
2.011542767286300659e-01
2.038892060518264771e-01
2.047283500432968140e-01
2.025066316127777100e-01
2.030340284109115601e-01
2.025474011898040771e-01
2.028782963752746582e-01
2.026393562555313110e-01
2.015735954046249390e-01
2.023941725492477417e-01
2.014560848474502563e-01
2.006182223558425903e-01
2.006974965333938599e-01
1.984210014343261719e-01
1.978271156549453735e-01
1.976910680532455444e-01
1.964796483516693115e-01
1.932793259620666504e-01
1.929333657026290894e-01
1.886026412248611450e-01
1.884843707084655762e-01
1.851117759943008423e-01
1.768619716167449951e-01
1.708702296018600464e-01
1.683260798454284668e-01
1.624636948108673096e-01
1.633461862802505493e-01
1.553476005792617798e-01
1.534730345010757446e-01
1.519705802202224731e-01
1.436190456151962280e-01
1.443686783313751221e-01
1.464784294366836548e-01
1.385732889175415039e-01
1.370869576930999756e-01
1.346375346183776855e-01
1.320523917675018311e-01
1.300388574600219727e-01
1.310498714447021484e-01
1.276175081729888916e-01
1.235363930463790894e-01
1.216100975871086121e-01
1.208583191037178040e-01
1.224087402224540710e-01
1.149560436606407166e-01
1.172798052430152893e-01
1.103871688246726990e-01
1.135322153568267822e-01
1.125948578119277954e-01
1.131344884634017944e-01
1.161140277981758118e-01
1.039869263768196106e-01
1.062733530998229980e-01
9.644524753093719482e-02
9.762103110551834106e-02
1.000752151012420654e-01
9.872256964445114136e-02
1.100353077054023743e-01
9.516275674104690552e-02
9.815043210983276367e-02
9.303645789623260498e-02
9.414157271385192871e-02
1.001870706677436829e-01
9.772662818431854248e-02
9.046033769845962524e-02
8.994469791650772095e-02
8.954648673534393311e-02
7.818949222564697266e-02
8.652177453041076660e-02
7.914222776889801025e-02
9.106560051441192627e-02
9.043087810277938843e-02
8.328063786029815674e-02
8.337422460317611694e-02
7.635143399238586426e-02
8.122280985116958618e-02
7.993590086698532104e-02
7.687944918870925903e-02
7.581388205289840698e-02
7.189180701971054077e-02
7.078478485345840454e-02
7.521864771842956543e-02
7.696797698736190796e-02
7.501942664384841919e-02
6.440235674381256104e-02
7.113908231258392334e-02
7.052899897098541260e-02
7.172647118568420410e-02
6.654079258441925049e-02
6.703136116266250610e-02
6.497401744127273560e-02
6.260317564010620117e-02
6.575600802898406982e-02
6.073666363954544067e-02
6.445223093032836914e-02
6.410305947065353394e-02
6.366478651762008667e-02
6.351627409458160400e-02
5.889823287725448608e-02
5.696382373571395874e-02
6.330974400043487549e-02
5.655865371227264404e-02
6.428825110197067261e-02
6.159374117851257324e-02
5.440655350685119629e-02
6.037811189889907837e-02
6.685007363557815552e-02
5.796078220009803772e-02
5.909673124551773071e-02
5.215109884738922119e-02
5.548385530710220337e-02
5.055116862058639526e-02
5.633493512868881226e-02
5.249293521046638489e-02
5.389460921287536621e-02
5.578277632594108582e-02
5.378350615501403809e-02
5.205688625574111938e-02
5.252758041024208069e-02
4.326490312814712524e-02
4.753325507044792175e-02
4.658596217632293701e-02
4.834944754838943481e-02
4.601018875837326050e-02
4.590853303670883179e-02
4.604842513799667358e-02
4.738849774003028870e-02
4.715602099895477295e-02
4.820528253912925720e-02
4.587415605783462524e-02
4.673365131020545959e-02
4.491180181503295898e-02
4.294468834996223450e-02
4.497535526752471924e-02
4.354192689061164856e-02
4.105973616242408752e-02
4.897268861532211304e-02
3.851484134793281555e-02
4.274749755859375000e-02
4.448206722736358643e-02
4.026599600911140442e-02
4.374879971146583557e-02
3.854662179946899414e-02
4.334624856710433960e-02
4.029748961329460144e-02
4.626016318798065186e-02
5.355186387896537781e-02
4.570319503545761108e-02
4.071537032723426819e-02
4.035994037985801697e-02
4.653358086943626404e-02
4.583289846777915955e-02
3.861133754253387451e-02
4.035218060016632080e-02
3.764578327536582947e-02
3.690470382571220398e-02
4.262897372245788574e-02
3.574693575501441956e-02
4.033770412206649780e-02
3.528831899166107178e-02
3.572218865156173706e-02
3.725225850939750671e-02
3.959862142801284790e-02
3.988927602767944336e-02
3.586784750223159790e-02
3.838600963354110718e-02
3.129237517714500427e-02
3.673535212874412537e-02
3.570547699928283691e-02
3.896868973970413208e-02
3.316856920719146729e-02
3.113803267478942871e-02
3.452130034565925598e-02
3.468655049800872803e-02
3.813949227333068848e-02
3.849621862173080444e-02
3.461444377899169922e-02
3.760980442166328430e-02
3.514783829450607300e-02
3.133799135684967041e-02
3.245357424020767212e-02
3.162178397178649902e-02
3.265735134482383728e-02
3.309478610754013062e-02
3.032081574201583862e-02
3.663748875260353088e-02
2.894764021039009094e-02
2.896351180970668793e-02
3.064056113362312317e-02
2.838499471545219421e-02
3.515327721834182739e-02
3.134906291961669922e-02
2.620488591492176056e-02
3.025476820766925812e-02
3.030513413250446320e-02
2.487754449248313904e-02
2.856239303946495056e-02
3.290220350027084351e-02
2.876208536326885223e-02
3.388246521353721619e-02
3.065761178731918335e-02
3.020297363400459290e-02
2.953295968472957611e-02
2.682438492774963379e-02
2.973582036793231964e-02
2.868893370032310486e-02
2.534524165093898773e-02
2.631446160376071930e-02
2.960467711091041565e-02
2.591731771826744080e-02
2.666318230330944061e-02
2.648080885410308838e-02
2.577262930572032928e-02
2.653616666793823242e-02
2.623962797224521637e-02
2.721825614571571350e-02
2.864512801170349121e-02
2.575664222240447998e-02
2.646923623979091644e-02
3.157304972410202026e-02
2.933575399219989777e-02
2.563369832932949066e-02
2.755143120884895325e-02
2.738843671977519989e-02
2.245710603892803192e-02
2.753948792815208435e-02
2.216084115207195282e-02
2.949306741356849670e-02
2.056459635496139526e-01
1.169519424438476562e-01
1.288550496101379395e-01
1.285254955291748047e-01
8.212050795555114746e-02
5.733495578169822693e-02
5.674620345234870911e-02
5.685895308852195740e-02
4.335335269570350647e-02
3.924974054098129272e-02
4.202982783317565918e-02
3.991229832172393799e-02
3.819760307669639587e-02
3.279004991054534912e-02
3.198564052581787109e-02
2.750517241656780243e-02
3.073937445878982544e-02
2.935107611119747162e-02
2.554792352020740509e-02
2.845894731581211090e-02
2.930543012917041779e-02
3.087818808853626251e-02
2.794855460524559021e-02
2.882936410605907440e-02
2.620331011712551117e-02
2.660374902188777924e-02
2.745184302330017090e-02
2.645615302026271820e-02
2.760999649763107300e-02
2.399418503046035767e-02
2.864711172878742218e-02
2.533725835382938385e-02
2.735982835292816162e-02
2.404106408357620239e-02
2.278333716094493866e-02
2.744221314787864685e-02
2.562631852924823761e-02
2.410813793540000916e-02
2.366095781326293945e-02
2.734793908894062042e-02
2.583759091794490814e-02
2.535603754222393036e-02
2.547327987849712372e-02
2.364091202616691589e-02
2.425307780504226685e-02
2.361617982387542725e-02
2.526363916695117950e-02
2.749124541878700256e-02
2.071850746870040894e-02
2.729467116296291351e-02
2.617926895618438721e-02
2.609189786016941071e-02
2.455174550414085388e-02
2.272042073309421539e-02
2.570742554962635040e-02
2.294646948575973511e-02
2.403983660042285919e-02
2.027203515172004700e-02
2.240434475243091583e-02
2.014741487801074982e-02
