2.571428571428571383e-02
8.528571428571428692e-01
8.571428571428570953e-01
8.571428571428570953e-01
8.571428571428570953e-01
8.571428571428570953e-01
8.571428571428570953e-01
8.571428571428570953e-01
8.571428571428570953e-01
8.571428571428570953e-01
8.571428571428570953e-01
8.571428571428570953e-01
8.571428571428570953e-01
8.571428571428570953e-01
8.571428571428570953e-01
8.571428571428570953e-01
8.571428571428570953e-01
8.571428571428570953e-01
8.571428571428570953e-01
8.571428571428570953e-01
8.571428571428570953e-01
8.571428571428570953e-01
8.571428571428570953e-01
8.571428571428570953e-01
8.571428571428570953e-01
8.571428571428570953e-01
8.571428571428570953e-01
8.571428571428570953e-01
8.571428571428570953e-01
8.571428571428570953e-01
8.571428571428570953e-01
8.671428571428571042e-01
8.771428571428571130e-01
8.785714285714285587e-01
8.771428571428571130e-01
8.728571428571428870e-01
8.699999999999999956e-01
8.699999999999999956e-01
8.757142857142856673e-01
8.742857142857143327e-01
8.757142857142856673e-01
8.657142857142857695e-01
8.728571428571428870e-01
8.742857142857143327e-01
8.728571428571428870e-01
8.785714285714285587e-01
8.771428571428571130e-01
8.757142857142856673e-01
8.671428571428571042e-01
8.671428571428571042e-01
8.757142857142856673e-01
8.742857142857143327e-01
8.857142857142856762e-01
8.971428571428571308e-01
8.742857142857143327e-01
8.828571428571428958e-01
9.042857142857142483e-01
8.971428571428571308e-01
8.957142857142856851e-01
9.057142857142856940e-01
9.085714285714285854e-01
8.857142857142856762e-01
9.057142857142856940e-01
9.071428571428571397e-01
9.128571428571428115e-01
9.114285714285714768e-01
9.242857142857142660e-01
9.028571428571428026e-01
9.128571428571428115e-01
9.157142857142857029e-01
9.328571428571428292e-01
9.200000000000000400e-01
9.271428571428571574e-01
9.471428571428571752e-01
9.628571428571428559e-01
9.399999999999999467e-01
9.557142857142857384e-01
9.342857142857142749e-01
9.499999999999999556e-01
9.599999999999999645e-01
9.628571428571428559e-01
9.414285714285713924e-01
9.442857142857142838e-01
9.214285714285713746e-01
9.614285714285714102e-01
9.528571428571428470e-01
9.442857142857142838e-01
9.742857142857143105e-01
9.714285714285714191e-01
9.785714285714285365e-01
9.757142857142857562e-01
9.585714285714285188e-01
9.814285714285714279e-01
9.857142857142857650e-01
9.657142857142857473e-01
9.799999999999999822e-01
9.828571428571428736e-01
9.785714285714285365e-01
9.300000000000000488e-01
9.314285714285713835e-01
9.185714285714285943e-01
9.371428571428571663e-01
9.499999999999999556e-01
9.742857142857143105e-01
9.785714285714285365e-01
9.742857142857143105e-01
9.857142857142857650e-01
9.871428571428570997e-01
9.842857142857143193e-01
9.814285714285714279e-01
9.828571428571428736e-01
9.914285714285714368e-01
9.957142857142856629e-01
9.942857142857143282e-01
9.942857142857143282e-01
9.914285714285714368e-01
9.871428571428570997e-01
9.928571428571428825e-01
9.899999999999999911e-01
9.899999999999999911e-01
9.899999999999999911e-01
9.885714285714285454e-01
9.871428571428570997e-01
9.842857142857143193e-01
9.842857142857143193e-01
9.899999999999999911e-01
9.928571428571428825e-01
9.857142857142857650e-01
9.928571428571428825e-01
9.785714285714285365e-01
9.799999999999999822e-01
9.814285714285714279e-01
9.842857142857143193e-01
9.899999999999999911e-01
9.885714285714285454e-01
9.871428571428570997e-01
9.899999999999999911e-01
9.871428571428570997e-01
9.828571428571428736e-01
9.928571428571428825e-01
9.928571428571428825e-01
9.899999999999999911e-01
9.914285714285714368e-01
9.914285714285714368e-01
9.928571428571428825e-01
9.928571428571428825e-01
9.899999999999999911e-01
9.899999999999999911e-01
9.942857142857143282e-01
9.971428571428571086e-01
9.914285714285714368e-01
9.899999999999999911e-01
9.771428571428570908e-01
9.885714285714285454e-01
9.799999999999999822e-01
9.885714285714285454e-01
9.842857142857143193e-01
9.885714285714285454e-01
9.928571428571428825e-01
9.857142857142857650e-01
9.914285714285714368e-01
9.885714285714285454e-01
9.942857142857143282e-01
9.914285714285714368e-01
9.899999999999999911e-01
9.942857142857143282e-01
9.928571428571428825e-01
9.899999999999999911e-01
9.914285714285714368e-01
9.914285714285714368e-01
9.928571428571428825e-01
9.914285714285714368e-01
9.928571428571428825e-01
9.942857142857143282e-01
9.957142857142856629e-01
9.899999999999999911e-01
9.942857142857143282e-01
9.942857142857143282e-01
9.914285714285714368e-01
9.942857142857143282e-01
9.899999999999999911e-01
9.914285714285714368e-01
9.914285714285714368e-01
9.914285714285714368e-01
9.885714285714285454e-01
9.928571428571428825e-01
9.985714285714285543e-01
9.928571428571428825e-01
9.957142857142856629e-01
9.914285714285714368e-01
9.942857142857143282e-01
9.942857142857143282e-01
9.928571428571428825e-01
9.914285714285714368e-01
9.928571428571428825e-01
9.899999999999999911e-01
9.899999999999999911e-01
9.928571428571428825e-01
9.942857142857143282e-01
9.928571428571428825e-01
9.899999999999999911e-01
9.957142857142856629e-01
9.985714285714285543e-01
9.985714285714285543e-01
9.942857142857143282e-01
9.942857142857143282e-01
9.914285714285714368e-01
9.928571428571428825e-01
9.957142857142856629e-01
9.914285714285714368e-01
9.928571428571428825e-01
9.957142857142856629e-01
9.957142857142856629e-01
9.942857142857143282e-01
9.971428571428571086e-01
9.928571428571428825e-01
9.942857142857143282e-01
9.942857142857143282e-01
9.971428571428571086e-01
9.942857142857143282e-01
9.942857142857143282e-01
9.928571428571428825e-01
9.942857142857143282e-01
9.928571428571428825e-01
9.928571428571428825e-01
9.799999999999999822e-01
9.628571428571428559e-01
9.757142857142857562e-01
9.914285714285714368e-01
9.899999999999999911e-01
9.985714285714285543e-01
9.928571428571428825e-01
9.942857142857143282e-01
9.971428571428571086e-01
9.957142857142856629e-01
9.942857142857143282e-01
9.928571428571428825e-01
9.928571428571428825e-01
9.985714285714285543e-01
9.957142857142856629e-01
9.928571428571428825e-01
9.928571428571428825e-01
9.942857142857143282e-01
9.957142857142856629e-01
9.957142857142856629e-01
9.957142857142856629e-01
9.957142857142856629e-01
9.971428571428571086e-01
9.957142857142856629e-01
9.957142857142856629e-01
9.957142857142856629e-01
9.928571428571428825e-01
9.942857142857143282e-01
9.957142857142856629e-01
9.957142857142856629e-01
9.942857142857143282e-01
9.957142857142856629e-01
9.971428571428571086e-01
9.985714285714285543e-01
9.928571428571428825e-01
9.985714285714285543e-01
9.957142857142856629e-01
9.985714285714285543e-01
9.914285714285714368e-01
9.957142857142856629e-01
9.971428571428571086e-01
1.000000000000000000e+00
9.957142857142856629e-01
9.971428571428571086e-01
9.957142857142856629e-01
9.971428571428571086e-01
9.957142857142856629e-01
9.957142857142856629e-01
9.957142857142856629e-01
9.957142857142856629e-01
9.942857142857143282e-01
9.942857142857143282e-01
9.971428571428571086e-01
9.928571428571428825e-01
9.971428571428571086e-01
9.957142857142856629e-01
9.985714285714285543e-01
9.957142857142856629e-01
9.985714285714285543e-01
9.985714285714285543e-01
1.000000000000000000e+00
9.928571428571428825e-01
9.957142857142856629e-01
9.971428571428571086e-01
9.985714285714285543e-01
9.942857142857143282e-01
9.971428571428571086e-01
9.971428571428571086e-01
9.971428571428571086e-01
9.985714285714285543e-01
9.971428571428571086e-01
9.971428571428571086e-01
9.971428571428571086e-01
9.957142857142856629e-01
9.928571428571428825e-01
9.971428571428571086e-01
9.928571428571428825e-01
9.971428571428571086e-01
1.000000000000000000e+00
1.000000000000000000e+00
9.985714285714285543e-01
9.928571428571428825e-01
9.971428571428571086e-01
9.971428571428571086e-01
9.971428571428571086e-01
9.985714285714285543e-01
9.985714285714285543e-01
9.957142857142856629e-01
9.971428571428571086e-01
9.985714285714285543e-01
1.000000000000000000e+00
9.942857142857143282e-01
9.942857142857143282e-01
9.971428571428571086e-01
9.971428571428571086e-01
9.985714285714285543e-01
9.985714285714285543e-01
9.985714285714285543e-01
9.971428571428571086e-01
9.971428571428571086e-01
1.000000000000000000e+00
1.000000000000000000e+00
9.985714285714285543e-01
9.985714285714285543e-01
9.971428571428571086e-01
9.971428571428571086e-01
9.985714285714285543e-01
9.985714285714285543e-01
9.985714285714285543e-01
9.985714285714285543e-01
9.971428571428571086e-01
9.942857142857143282e-01
9.985714285714285543e-01
9.942857142857143282e-01
9.985714285714285543e-01
9.957142857142856629e-01
9.985714285714285543e-01
9.985714285714285543e-01
9.985714285714285543e-01
9.985714285714285543e-01
9.985714285714285543e-01
1.000000000000000000e+00
1.000000000000000000e+00
1.000000000000000000e+00
1.000000000000000000e+00
9.957142857142856629e-01
9.985714285714285543e-01
1.000000000000000000e+00
9.985714285714285543e-01
9.985714285714285543e-01
1.000000000000000000e+00
1.000000000000000000e+00
9.985714285714285543e-01
9.971428571428571086e-01
9.971428571428571086e-01
9.971428571428571086e-01
9.942857142857143282e-01
9.971428571428571086e-01
9.942857142857143282e-01
9.899999999999999911e-01
9.971428571428571086e-01
9.971428571428571086e-01
9.585714285714285188e-01
9.899999999999999911e-01
9.885714285714285454e-01
9.871428571428570997e-01
9.928571428571428825e-01
9.871428571428570997e-01
9.942857142857143282e-01
9.942857142857143282e-01
9.971428571428571086e-01
9.971428571428571086e-01
9.971428571428571086e-01
9.985714285714285543e-01
9.985714285714285543e-01
9.971428571428571086e-01
1.000000000000000000e+00
9.985714285714285543e-01
1.000000000000000000e+00
9.971428571428571086e-01
1.000000000000000000e+00
1.000000000000000000e+00
9.985714285714285543e-01
9.985714285714285543e-01
9.985714285714285543e-01
1.000000000000000000e+00
1.000000000000000000e+00
9.985714285714285543e-01
1.000000000000000000e+00
9.985714285714285543e-01
9.985714285714285543e-01
9.957142857142856629e-01
9.985714285714285543e-01
1.000000000000000000e+00
1.000000000000000000e+00
