2.241977453231811523e+00
2.023202657699584961e+00
1.578875660896301270e+00
1.451187729835510254e+00
1.384644746780395508e+00
1.327305912971496582e+00
1.285219788551330566e+00
1.220983982086181641e+00
1.125330090522766113e+00
1.039482593536376953e+00
9.625061154365539551e-01
9.276665449142456055e-01
8.709460496902465820e-01
8.580578565597534180e-01
8.114132285118103027e-01
7.832227349281311035e-01
7.708405852317810059e-01
7.629977464675903320e-01
7.461645007133483887e-01
7.415739297866821289e-01
7.209080457687377930e-01
7.028439044952392578e-01
6.713503003120422363e-01
6.475251317024230957e-01
6.188297867774963379e-01
5.785948038101196289e-01
5.410354733467102051e-01
5.140240192413330078e-01
4.796507656574249268e-01
4.426680505275726318e-01
4.101831316947937012e-01
3.799274265766143799e-01
3.483798801898956299e-01
3.047213256359100342e-01
2.730619609355926514e-01
2.615316212177276611e-01
2.398818135261535645e-01
2.016286700963973999e-01
2.039167135953903198e-01
1.580709367990493774e-01
1.418895274400711060e-01
1.350259035825729370e-01
1.207057982683181763e-01
1.059322953224182129e-01
9.193985909223556519e-02
7.886422425508499146e-02
7.082887738943099976e-02
6.140778213739395142e-02
5.538506060838699341e-02
4.911588504910469055e-02
4.604797437787055969e-02
4.113043844699859619e-02
3.874382004141807556e-02
3.555321320891380310e-02
3.097224608063697815e-02
3.163166716694831848e-02
2.884177491068840027e-02
2.609353139996528625e-02
2.436984516680240631e-02
2.195409685373306274e-02
2.078398317098617554e-02
1.856618002057075500e-02
1.953243091702461243e-02
1.796349510550498962e-02
1.689689792692661285e-02
1.537450775504112244e-02
1.604703254997730255e-02
1.492897700518369675e-02
1.367833930999040604e-02
1.376909576356410980e-02
1.298797689378261566e-02
1.238357089459896088e-02
1.160694286227226257e-02
1.124213729053735733e-02
1.084189023822546005e-02
1.013752445578575134e-02
9.973962791264057159e-03
9.552629664540290833e-03
9.143678471446037292e-03
9.273486211895942688e-03
9.426770731806755066e-03
8.713397197425365448e-03
8.991689421236515045e-03
8.687081746757030487e-03
7.704841438680887222e-03
7.268945220857858658e-03
7.065861020237207413e-03
6.921241991221904755e-03
6.836112122982740402e-03
6.924912333488464355e-03
6.671610753983259201e-03
6.039889529347419739e-03
6.231672130525112152e-03
5.826060194522142410e-03
6.256164051592350006e-03
5.690815392881631851e-03
5.462876986712217331e-03
5.522205960005521774e-03
5.347327329218387604e-03
4.910575691610574722e-03
5.036327987909317017e-03
4.754192661494016647e-03
4.420097451657056808e-03
4.732082597911357880e-03
4.413735121488571167e-03
4.344635643064975739e-03
4.548955708742141724e-03
4.278737120330333710e-03
4.146758932620286942e-03
3.940572962164878845e-03
4.006013274192810059e-03
3.857194678857922554e-03
3.991906065493822098e-03
3.751759417355060577e-03
3.622779855504631996e-03
3.576765069738030434e-03
3.326138714328408241e-03
3.396932268515229225e-03
3.355820896103978157e-03
3.344702767208218575e-03
3.718197345733642578e-03
3.547658910974860191e-03
3.153624478727579117e-03
3.162516048178076744e-03
2.940042875707149506e-03
2.963291015475988388e-03
3.003562334924936295e-03
3.055346896871924400e-03
2.866374561563134193e-03
2.922151936218142509e-03
2.762331860139966011e-03
2.812829101458191872e-03
2.596603939309716225e-03
2.686131047084927559e-03
2.611703006550669670e-03
2.694540889933705330e-03
2.482772571966052055e-03
2.617941703647375107e-03
2.415197668597102165e-03
2.410511253401637077e-03
2.562643727287650108e-03
2.356510143727064133e-03
2.485688542947173119e-03
2.501063281670212746e-03
2.202568808570504189e-03
2.227295190095901489e-03
2.179470146074891090e-03
2.039950573816895485e-03
2.063155174255371094e-03
2.175224712118506432e-03
2.112344140186905861e-03
1.950310077518224716e-03
1.886986079625785351e-03
1.864530262537300587e-03
1.959190471097826958e-03
1.973179168999195099e-03
1.869756379164755344e-03
1.849069609306752682e-03
1.810661982744932175e-03
1.880172058008611202e-03
1.754320459440350533e-03
1.715423306450247765e-03
1.804563216865062714e-03
1.750939642079174519e-03
1.644932432100176811e-03
1.657716464251279831e-03
1.627327641472220421e-03
1.626021112315356731e-03
1.628514961339533329e-03
1.763935084454715252e-03
1.556011848151683807e-03
1.612006803043186665e-03
1.549862208776175976e-03
1.604844699613749981e-03
1.560209551826119423e-03
1.599154435098171234e-03
1.470826449804008007e-03
1.557394629344344139e-03
1.452326774597167969e-03
1.469332375563681126e-03
1.373993582092225552e-03
1.393378595821559429e-03
1.391951227560639381e-03
1.381376641802489758e-03
1.395932864397764206e-03
1.381031703203916550e-03
1.428661402314901352e-03
1.406831783242523670e-03
1.258211093954741955e-03
1.220458303578197956e-03
1.340374932624399662e-03
1.220548991113901138e-03
1.324372249655425549e-03
1.226304331794381142e-03
1.280360273085534573e-03
1.254774746485054493e-03
1.175675424747169018e-03
1.171380630694329739e-03
1.191603369079530239e-03
1.136584323830902576e-03
1.140317879617214203e-03
1.111362827941775322e-03
1.168066635727882385e-03
1.175936078652739525e-03
1.097075175493955612e-03
1.174027100205421448e-03
1.088237739168107510e-03
1.108929282054305077e-03
1.096661901101469994e-03
1.088630408048629761e-03
1.015243586152791977e-03
1.162405009381473064e-03
1.039002789184451103e-03
9.963178308680653572e-04
9.993744315579533577e-04
1.014676061458885670e-03
9.402147843502461910e-04
9.865220636129379272e-04
9.867970366030931473e-04
9.600909543223679066e-04
9.519211598671972752e-04
9.467569761909544468e-04
9.745692950673401356e-04
9.565830114297568798e-04
9.654426830820739269e-04
8.707777597010135651e-04
9.247684502042829990e-04
8.662764448672533035e-04
8.984422893263399601e-04
8.956368546932935715e-04
8.401727536693215370e-04
8.976173121482133865e-04
8.196878479793667793e-04
8.728567627258598804e-04
8.313258294947445393e-04
8.133411174640059471e-04
8.470360189676284790e-04
8.250427199527621269e-04
8.136606193147599697e-04
8.848492288962006569e-04
8.120743441395461559e-04
7.613897323608398438e-04
8.433310431428253651e-04
7.590468740090727806e-04
8.273919229395687580e-04
7.603740668855607510e-04
7.797940634191036224e-04
7.636133814230561256e-04
7.277139229699969292e-04
7.261673454195261002e-04
7.867701933719217777e-04
7.732295780442655087e-04
7.489522104151546955e-04
7.623927085660398006e-04
7.308610365726053715e-04
6.482346798293292522e-04
7.030248525552451611e-04
7.395776337943971157e-04
7.009124965406954288e-04
7.050752756185829639e-04
7.107766577973961830e-04
6.768115563318133354e-04
7.040580385364592075e-04
6.697241333313286304e-04
6.464528851211071014e-04
6.317091174423694611e-04
7.098802016116678715e-04
6.995312287472188473e-04
6.354618235491216183e-04
6.988255190663039684e-04
6.702899700030684471e-04
6.763887358829379082e-04
6.050824886187911034e-04
5.966504686512053013e-04
6.381177809089422226e-04
6.492980173788964748e-04
5.944061558693647385e-04
6.168667459860444069e-04
6.199916242621839046e-04
5.775483441539108753e-04
5.795971374027431011e-04
6.272745085880160332e-04
5.758206243626773357e-04
6.194432498887181282e-04
5.564165185205638409e-04
5.912272026762366295e-04
5.534791853278875351e-04
5.695835570804774761e-04
5.754327867180109024e-04
5.960098933428525925e-04
5.614948458969593048e-04
5.747016402892768383e-04
5.540768033824861050e-04
5.523411673493683338e-04
5.241680191829800606e-04
5.122041911818087101e-04
5.577564006671309471e-04
5.505164735950529575e-04
4.980755038559436798e-04
5.128955817781388760e-04
5.305560189299285412e-04
5.241075996309518814e-04
5.454095080494880676e-04
4.928016569465398788e-04
5.053679342381656170e-04
4.970312002114951611e-04
4.845174262300133705e-04
5.077648092992603779e-04
4.902314976789057255e-04
4.927094560116529465e-04
4.995473427698016167e-04
4.928096313960850239e-04
4.668029141612350941e-04
4.746325721498578787e-04
4.595263744704425335e-04
4.837735614273697138e-04
4.831107507925480604e-04
4.639943363144993782e-04
5.305449012666940689e-04
4.691426001954823732e-04
4.688485350925475359e-04
4.366525099612772465e-04
4.550997400656342506e-04
4.743862082250416279e-04
4.483461380004882812e-04
4.358752630650997162e-04
4.467407998163253069e-04
4.678599070757627487e-04
4.313055542297661304e-04
4.613939963746815920e-04
4.330221854615956545e-04
4.087400448042899370e-04
4.358132719062268734e-04
4.107650020159780979e-04
4.296461702324450016e-04
4.344034241512417793e-04
4.214350483380258083e-04
4.243977891746908426e-04
4.183801065664738417e-04
4.139407537877559662e-04
3.897396672982722521e-04
3.943109477404505014e-04
4.022566427011042833e-04
3.894853580277413130e-04
3.699620428960770369e-04
4.012568679172545671e-04
4.219293477945029736e-04
4.108572029508650303e-04
3.940470924135297537e-04
3.642304800450801849e-04
3.938770387321710587e-04
3.663953102659434080e-04
3.771400370169430971e-04
3.815682721324265003e-04
3.817621909547597170e-04
3.706550633069127798e-04
3.636248875409364700e-04
3.576628223527222872e-04
3.687286516651511192e-04
3.572559216991066933e-04
3.411610960029065609e-04
3.613646840676665306e-04
3.485266352072358131e-04
3.548463282641023397e-04
3.509410307742655277e-04
3.527466324158012867e-04
3.458944847807288170e-04
3.535238793119788170e-04
3.573783324100077152e-04
3.362258139532059431e-04
3.339672111906111240e-04
3.649202990345656872e-04
3.433450183365494013e-04
3.219906357116997242e-04
3.197924233973026276e-04
3.400421119295060635e-04
3.502130566630512476e-04
3.252522146794945002e-04
3.272819449193775654e-04
3.219938371330499649e-04
3.232590388506650925e-04
3.211005532648414373e-04
3.184080123901367188e-04
3.315003705210983753e-04
3.106117364950478077e-04
3.227615379728376865e-04
3.180964849889278412e-04
3.070131933782249689e-04
3.081464674323797226e-04
2.991374349221587181e-04
3.007014456670731306e-04
2.996031544171273708e-04
3.261645615566521883e-04
3.140640328638255596e-04
2.977704862132668495e-04
2.860975218936800957e-04
3.090095415245741606e-04
2.860275853890925646e-04
2.732610737439244986e-04
2.916749217547476292e-04
