2.240066051483154297e+00
1.976971387863159180e+00
1.466125130653381348e+00
1.410650253295898438e+00
1.395462989807128906e+00
1.323244452476501465e+00
1.286081194877624512e+00
1.209594488143920898e+00
1.130361080169677734e+00
1.037708997726440430e+00
9.465152025222778320e-01
8.600288629531860352e-01
7.689713835716247559e-01
6.927728056907653809e-01
6.417310833930969238e-01
5.618404150009155273e-01
4.997335672378540039e-01
4.408499002456665039e-01
3.731177151203155518e-01
3.111452758312225342e-01
2.519309520721435547e-01
2.014464139938354492e-01
1.706629097461700439e-01
1.325999051332473755e-01
1.015324965119361877e-01
9.281082451343536377e-02
8.739158511161804199e-02
7.814844697713851929e-02
5.774080753326416016e-02
5.600882321596145630e-02
5.010896176099777222e-02
4.017876461148262024e-02
3.724349290132522583e-02
3.779807314276695251e-02
2.827306836843490601e-02
3.075088560581207275e-02
3.070120885968208313e-02
2.175217308104038239e-02
2.415374107658863068e-02
1.901365444064140320e-02
1.469780132174491882e-02
1.489451248198747635e-02
1.510840561240911484e-02
1.525491848587989807e-02
1.111499685794115067e-02
1.241864543408155441e-02
1.280071679502725601e-02
1.098320540040731430e-02
1.397464424371719360e-02
1.072779856622219086e-02
1.002575363963842392e-02
1.272992976009845734e-02
9.602449834346771240e-03
1.067546010017395020e-02
7.028243504464626312e-03
8.120665326714515686e-03
7.845141924917697906e-03
9.746843948960304260e-03
5.762825720012187958e-03
6.533909589052200317e-03
8.532863110303878784e-03
8.495463058352470398e-03
6.040171720087528229e-03
7.394286803901195526e-03
5.889458581805229187e-03
5.528016015887260437e-03
5.991911049932241440e-03
4.296664614230394363e-03
4.579049069434404373e-03
4.056138917803764343e-03
4.615636542439460754e-03
4.222728312015533447e-03
3.963635768741369247e-03
3.269982291385531425e-03
5.543759092688560486e-03
3.892166540026664734e-03
3.654793137684464455e-03
2.886226167902350426e-03
4.390950314700603485e-03
3.238995093852281570e-03
3.384665586054325104e-03
3.919510636478662491e-03
3.606163663789629936e-03
2.588944509625434875e-03
2.715195761993527412e-03
2.650554990395903587e-03
2.374339150264859200e-03
2.654925920069217682e-03
2.486669225618243217e-03
2.503113821148872375e-03
2.870624884963035583e-03
2.484252443537116051e-03
2.965574152767658234e-03
2.780254697427153587e-03
2.959918230772018433e-03
1.938499626703560352e-03
1.921650604344904423e-03
2.125684404745697975e-03
1.612678403034806252e-03
2.214462030678987503e-03
2.110050525516271591e-03
1.735266065225005150e-03
1.723057474009692669e-03
1.590223284438252449e-03
1.566852675750851631e-03
1.700348802842199802e-03
1.704839058220386505e-03
1.918237190693616867e-03
1.752909040078520775e-03
1.361910486593842506e-03
1.979787368327379227e-03
1.444826135411858559e-03
1.604777993634343147e-03
1.452604890801012516e-03
1.748293987475335598e-03
1.338064670562744141e-03
1.631748629733920097e-03
1.623485120944678783e-03
1.718057785183191299e-03
1.420032931491732597e-03
1.476488891057670116e-03
1.298026996664702892e-03
1.325794029980897903e-03
1.347015728242695332e-03
1.151777920313179493e-03
1.169068040326237679e-03
1.242545433342456818e-03
1.098464359529316425e-03
1.264940947294235229e-03
1.058607129380106926e-03
1.141727785579860210e-03
8.880138630047440529e-04
1.040951465256512165e-03
1.300485921092331409e-03
9.702920797280967236e-04
9.047587518580257893e-04
1.284120837226510048e-03
9.779039537534117699e-04
9.860499994829297066e-04
1.037093810737133026e-03
9.621731587685644627e-04
9.447876363992691040e-04
8.124335436150431633e-04
9.532642434351146221e-04
8.969752234406769276e-04
8.627970819361507893e-04
8.310143020935356617e-04
1.163975452072918415e-03
9.283812833018600941e-04
8.056862861849367619e-04
8.723513456061482430e-04
8.322334033437073231e-04
7.283258601091802120e-04
7.631794433109462261e-04
7.671372150070965290e-04
7.075706962496042252e-04
6.738869124092161655e-04
6.438000709749758244e-04
9.354003123007714748e-04
8.717536693438887596e-04
8.972215582616627216e-04
6.447060732170939445e-04
6.955257849767804146e-04
6.145270890556275845e-04
7.254139636643230915e-04
6.749773165211081505e-04
6.622314685955643654e-04
6.637286860495805740e-04
6.360498955473303795e-04
6.730540771968662739e-04
7.386716315522789955e-04
7.137806969694793224e-04
6.195846945047378540e-04
4.898627521470189095e-04
6.565920775756239891e-04
7.579707889817655087e-04
6.766923470422625542e-04
5.341529613360762596e-04
5.304098012857139111e-04
6.558545283041894436e-04
6.942510372027754784e-04
5.557950353249907494e-04
5.601660232059657574e-04
5.941358976997435093e-04
5.110073252581059933e-04
4.955721087753772736e-04
5.139001295901834965e-04
5.894470377825200558e-04
5.211766692809760571e-04
6.200075149536132812e-04
4.220644768793135881e-04
4.590463649947196245e-04
4.249032353982329369e-04
5.298503092490136623e-04
4.839213797822594643e-04
5.591916851699352264e-04
4.430564295034855604e-04
5.617602728307247162e-04
4.500500217545777559e-04
4.303773166611790657e-04
5.502907442860305309e-04
4.620218242052942514e-04
4.081630613654851913e-04
4.637781821656972170e-04
4.659207770600914955e-04
4.454167792573571205e-04
4.864231741521507502e-04
4.967324202880263329e-04
4.528029821813106537e-04
3.990237019024789333e-04
4.661258135456591845e-04
4.106950655113905668e-04
4.354238626547157764e-04
3.811581991612911224e-04
3.891483938787132502e-04
3.446737828198820353e-04
3.652349987532943487e-04
3.645102260634303093e-04
3.621721407398581505e-04
3.646961704362183809e-04
3.412628138903528452e-04
3.545459185261279345e-04
4.601891851052641869e-04
4.132286703679710627e-04
3.952328406739979982e-04
3.798548423219472170e-04
4.064273962285369635e-04
2.845923008862882853e-04
4.076735058333724737e-04
3.614171291701495647e-04
3.380489361006766558e-04
3.373956715222448111e-04
3.458150313235819340e-04
4.139836528338491917e-04
3.548876557033509016e-04
2.858511579688638449e-04
3.555250295903533697e-04
3.545045910868793726e-04
3.785228764172643423e-04
3.578170144464820623e-04
3.418652340769767761e-04
3.468227514531463385e-04
2.877950610127300024e-04
3.046592173632234335e-04
2.999893913511186838e-04
3.315067151561379433e-04
3.346029843669384718e-04
3.367042518220841885e-04
3.045447811018675566e-04
3.688542055897414684e-04
3.117561282124370337e-04
2.996937546413391829e-04
2.987337065860629082e-04
2.642138861119747162e-04
2.536662505008280277e-04
2.763605152722448111e-04
2.924648870248347521e-04
3.175560559611767530e-04
2.670049725566059351e-04
2.278327883686870337e-04
2.552906807977706194e-04
3.101380716543644667e-04
2.656237338669598103e-04
2.938636171165853739e-04
2.946535823866724968e-04
2.295732556376606226e-04
3.207842528354376554e-04
2.968200133182108402e-04
2.267853415105491877e-04
2.931292983703315258e-04
2.838834188878536224e-04
2.606677880976349115e-04
3.162018547300249338e-04
2.219915331806987524e-04
2.688058302737772465e-04
2.549409982748329639e-04
2.462530101183801889e-04
2.623001637402921915e-04
2.405993145657703280e-04
2.733771107159554958e-04
2.103582955896854401e-04
3.023990138899534941e-04
2.403799735475331545e-04
2.465311554260551929e-04
2.226765936939045787e-04
2.172724343836307526e-04
2.226797805633395910e-04
2.237240405520424247e-04
2.707576786633580923e-04
2.068297035293653607e-04
2.482286945451050997e-04
2.099021221511065960e-04
2.085129381157457829e-04
2.076387463603168726e-04
2.476199588272720575e-04
2.063894207822158933e-04
2.058521931758150458e-04
2.260319452034309506e-04
2.269426913699135184e-04
1.985089038498699665e-04
2.035045617958530784e-04
2.406581188552081585e-04
1.718982093734666705e-04
2.287085808347910643e-04
2.151584631064906716e-04
2.120351855410262942e-04
2.073637588182464242e-04
2.169275248888880014e-04
1.692914956947788596e-04
2.137184201274067163e-04
1.819451717892661691e-04
2.170483203371986747e-04
2.050685870926827192e-04
2.045090950559824705e-04
1.647138560656458139e-04
2.000236563617363572e-04
1.777919096639379859e-04
1.909351412905380130e-04
1.919205969898030162e-04
1.997502695303410292e-04
2.271175326313823462e-04
1.887830148916691542e-04
1.765998167684301734e-04
2.037827216554433107e-04
1.710955257294699550e-04
1.815176074160262942e-04
1.465384120820090175e-04
2.039321261690929532e-04
1.513083843747153878e-04
1.460822386434301734e-04
1.500081998528912663e-04
1.592318149050697684e-04
1.684188900981098413e-04
1.496060722274705768e-04
1.844040525611490011e-04
1.642862916924059391e-04
1.385053037665784359e-04
1.720953005133196712e-04
1.517216296633705497e-04
2.010218304349109530e-04
1.485093380324542522e-04
1.608038000995293260e-04
1.347812067251652479e-04
1.393985730828717351e-04
1.390743273077532649e-04
1.644945150474086404e-04
1.515404437668621540e-04
1.742347085382789373e-04
1.350879610981792212e-04
1.622740383027121425e-04
1.564518606755882502e-04
1.577679358888417482e-04
1.786931388778612018e-04
1.341279275948181748e-04
1.307074271608144045e-04
1.531124144094064832e-04
1.563580881338566542e-04
1.736799895297735929e-04
1.421165507053956389e-04
1.405223156325519085e-04
1.422452914994210005e-04
1.466894173063337803e-04
1.569318701513111591e-04
1.433515571989119053e-04
1.486365072196349502e-04
1.365375501336529851e-04
1.521126396255567670e-04
1.090685545932501554e-04
1.325941120740026236e-04
1.292641973122954369e-04
1.294310932280495763e-04
1.111237215809524059e-04
1.498492492828518152e-04
1.288986240979284048e-04
1.386880903737619519e-04
1.305055629927664995e-04
1.276620168937370181e-04
1.301558804698288441e-04
1.411342673236504197e-04
9.539445454720407724e-05
1.313066459260880947e-04
1.220289850607514381e-04
1.295057882089167833e-04
1.524893450550734997e-04
1.125860217143781483e-04
1.073853200068697333e-04
1.427189563401043415e-04
1.267512707272544503e-04
1.343504554824903607e-04
1.239569974131882191e-04
1.501385413575917482e-04
1.197306337417103350e-04
1.248423213837668300e-04
1.376072614220902324e-04
1.050011342158541083e-04
1.384067581966519356e-04
1.261345605598762631e-04
1.235961972270160913e-04
1.109504664782434702e-04
9.880383731797337532e-05
